$[ -1.31911799e-01   1.18526995e-01   6.89181983e-02  -4.96434383e-02
  -2.86291353e-02   1.09082922e-01  -7.51140639e-02  -8.73482972e-02
   9.80317742e-02  -1.12129383e-01   1.74993932e-01  -2.98442002e-02
  -3.36785555e-01  -3.27934437e-02   4.45893928e-02   1.17710158e-01
  -1.43899858e-01  -1.27389923e-01  -1.24652974e-01  -2.24286430e-02
   6.37662858e-02   5.24836965e-02  -3.18555757e-02   3.11856326e-02
  -1.14007428e-01  -3.60004008e-01  -5.82864210e-02  -2.22650766e-02
  -2.49747001e-02  -7.96596929e-02   1.82073340e-02  -1.16036795e-02
  -1.73963442e-01   4.48334813e-02   2.79194172e-02   4.38610911e-02
  -3.62164937e-02  -4.68342006e-02   2.12429851e-01  -1.48874763e-02
  -1.70853302e-01  -1.82801615e-02   9.80349407e-02   1.71682119e-01
   1.85134515e-01   2.84298137e-03  -8.81303102e-03  -2.11853422e-02
   1.41571388e-01  -3.50633413e-01   1.08500868e-01   1.33077830e-01
   1.40850499e-01   9.31991637e-02   1.60603762e-01  -1.71538025e-01
  -8.03716183e-02   2.19341338e-01  -8.91610533e-02   1.66273698e-01
   3.36146988e-02  -1.12987489e-01  -8.79285857e-02  -8.26711655e-02
   1.35947347e-01   1.29738927e-01  -1.45951152e-01  -2.00046346e-01
   1.48811832e-01  -1.12135880e-01  -8.95969123e-02   1.09746382e-01
  -6.73740953e-02  -1.97510898e-01  -2.57691294e-01   9.60692912e-02
   3.40462059e-01   1.90107599e-01  -2.97985762e-01  -5.70080653e-02
   1.34473694e-02   1.38802920e-04   9.97465327e-02   4.62824181e-02
  -4.22371998e-02  -9.30952504e-02  -6.45183548e-02  -1.10173821e-02
   2.37827525e-01   7.85746872e-02  -6.19302355e-02   2.84608126e-01
   1.55840041e-02   5.67702614e-02   2.93324646e-02   1.70002654e-02
  -4.17986549e-02  -1.14340216e-01  -2.10367098e-01  -4.08426598e-02
   1.80414878e-03  -3.48255523e-02  -4.78735454e-02   1.21401258e-01
  -1.07473165e-01   1.71374336e-01  -2.34147236e-02   3.41718644e-03
   1.03388708e-02   5.61927259e-02  -1.58483163e-01   3.18494104e-02
   1.46772861e-01  -2.62728184e-01   1.62937775e-01   1.22449443e-01
   4.25723270e-02   8.88187662e-02   9.84442830e-02   7.55642951e-02
   7.88971707e-02  -7.22847506e-03  -1.85146481e-01  -1.45661354e-01
   1.13845155e-01  -1.94154717e-02   2.23364681e-04  -1.09160608e-02]
$[ -5.97085897e-03   7.04375282e-02   8.85030031e-02  -6.89443648e-02
  -8.04354995e-02  -2.54048686e-03   2.15877704e-02  -7.60463253e-02
   1.47765502e-01  -8.21262076e-02   9.71451849e-02  -9.30282474e-02
  -2.51752287e-01   5.84148169e-02  -5.44258952e-02   1.79325998e-01
  -1.17937520e-01  -1.44791394e-01  -1.86352640e-01  -6.57296628e-02
  -3.78115103e-02   1.64097071e-01   8.01654067e-03   1.17343403e-01
  -8.26996714e-02  -2.18164027e-01  -2.69974675e-03  -1.22066073e-01
   7.87232220e-02  -3.47789936e-02  -8.20017792e-03   1.39858097e-01
  -1.55255944e-01   2.95553729e-02   1.35013089e-01   1.05455145e-01
  -2.92149652e-02  -1.05942935e-01   1.66971892e-01  -4.05448377e-02
  -2.39143938e-01  -1.54054165e-02   6.64076507e-02   2.27999359e-01
   2.97057778e-01  -1.15929171e-04  -7.08724409e-02  -1.28325507e-01
   9.87911746e-02  -3.00829440e-01  -3.40904668e-02   8.69364589e-02
   2.15276591e-02   1.11415297e-01   1.58956088e-02  -2.43687272e-01
   7.56997317e-02   1.19930461e-01  -2.35766575e-01   3.50752063e-02
  -2.38589253e-02  -2.78746724e-01  -1.07166013e-02  -1.62066892e-03
   1.96629897e-01  -8.14766809e-03  -1.56385735e-01  -1.14682518e-01
   1.27353132e-01  -2.55537540e-01   5.48625365e-02   1.67610869e-01
  -5.82627282e-02  -1.21341258e-01  -2.14772061e-01  -6.09860383e-03
   4.58283097e-01   1.41795412e-01  -1.91669956e-01   7.89870024e-02
  -9.13446769e-03   9.28612798e-03   6.20794557e-02   1.55945092e-01
  -7.02647418e-02  -1.16153315e-01  -9.49762240e-02   2.65293270e-02
   2.12593049e-01  -9.91928726e-02   2.64524538e-02   2.50330597e-01
  -6.61908761e-02  -3.33022214e-02   4.28260304e-04   4.92888689e-02
  -1.14598192e-01  -1.82424691e-02  -7.21261874e-02  -5.78350350e-02
   4.82247062e-02  -6.07747808e-02   2.61094570e-02   8.99038613e-02
  -1.81256875e-01   1.24154635e-01  -5.01692444e-02  -6.08754493e-02
   7.45754912e-02  -9.52105373e-02  -1.04326457e-02  -3.49933729e-02
   2.41251886e-01  -2.43501335e-01   1.87771782e-01   1.45572662e-01
   8.85387510e-03   1.76375434e-01   2.69198380e-02   1.14611186e-01
   8.34811293e-03  -5.24069928e-02  -1.31691486e-01  -4.52244431e-02
   1.40701607e-01  -4.66613658e-02   8.95480961e-02  -3.66669334e-02]
$[-0.00166165  0.15495872  0.06358681 -0.0799513  -0.1710293   0.03822368
 -0.00513947 -0.0650434   0.13608566 -0.1342043   0.19305199 -0.18896587
 -0.27786434  0.07424793 -0.09585608  0.19844876 -0.16648714 -0.1376683
 -0.06638245 -0.02970851  0.01410219  0.07432462 -0.08144867  0.04229887
 -0.0723815  -0.30985758 -0.07491215 -0.02109172  0.07680412 -0.09022504
  0.01245559  0.1272084  -0.08702823  0.04590927  0.05149832 -0.00091082
 -0.11179992 -0.18000652  0.20198238  0.00669511 -0.16876975 -0.06321038
  0.1415166   0.26220059  0.15758225 -0.02096552  0.03736643 -0.1241133
  0.09704673 -0.26982662 -0.0106095   0.109433    0.09188052  0.15979922
  0.0504386  -0.19396949  0.00253707  0.13282067 -0.26214856  0.08714848
  0.04022744 -0.09684214 -0.05748995 -0.12067029  0.2320524   0.09415296
 -0.10665685 -0.20868921  0.27706912 -0.21939677 -0.04617582  0.14184219
 -0.02734447 -0.19020545 -0.14345205  0.00400986  0.34261769  0.20301464
 -0.1153201   0.01301868  0.03475965 -0.12634218  0.02696941  0.14128304
 -0.0173921  -0.08402658 -0.05329256  0.0133999   0.26282343 -0.10595125
 -0.00162153  0.26275027  0.04897867 -0.06218603 -0.01295949  0.00529947
 -0.0992339   0.04043031 -0.12122655 -0.01919331 -0.03783505 -0.10699455
 -0.04993924  0.08446724 -0.12232426  0.20975827 -0.00806771 -0.06456646
 -0.05958834 -0.08066571 -0.06224502  0.00918416  0.22356102 -0.29096922
  0.10939859  0.09262103  0.11837225  0.1589746   0.01493321  0.10290222
  0.10793343 -0.1473472  -0.16372705 -0.08929105  0.05435272 -0.08165661
 -0.04183537  0.0286736 ]
$[-0.02251967  0.08774589  0.01639509 -0.05403537 -0.10896093 -0.02047314
  0.04913197 -0.06953754  0.14189535 -0.02750112  0.25456774 -0.12077919
 -0.23128533 -0.00851723 -0.0173192   0.10870519 -0.11260688 -0.11747851
 -0.11757141 -0.08107235  0.03077158 -0.01771531  0.01034432 -0.00101632
 -0.1222157  -0.33946842 -0.09026898 -0.13121603  0.09115202 -0.09717818
 -0.01734622  0.04310654 -0.10030462 -0.01806081  0.01525801  0.02471479
 -0.09084121 -0.17064023  0.18276533  0.00705944 -0.1099796   0.00385125
  0.04505293  0.19476749  0.19949403  0.02993074  0.09713954 -0.1383709
  0.0917481  -0.26973584  0.0682565   0.13733315  0.04598138  0.11781056
  0.12341472 -0.1600056   0.02914825  0.10362811 -0.15140137  0.10974739
  0.07493193  0.00526085 -0.02894738 -0.10408676  0.22849429  0.10718009
 -0.13144775 -0.06808859  0.13432482 -0.16419978 -0.08143488 -0.0090169
 -0.1013727  -0.19414073 -0.22834948  0.10052755  0.36800566  0.14013061
 -0.19387965  0.00359778 -0.06220044 -0.00534982  0.10131861  0.0426648
 -0.09448098 -0.14393786 -0.15757455 -0.06267623  0.25228888 -0.10044317
  0.00391347  0.20323239 -0.06724913  0.01828454  0.01735113  0.09407742
 -0.15837148  0.04069339 -0.02231984  0.02633112  0.09020753 -0.19685003
 -0.07845591  0.07627138 -0.17324923  0.108791   -0.05932782 -0.02487093
  0.00769124 -0.07956649 -0.08588006  0.00539956  0.18247525 -0.24134685
  0.22374074  0.18645425  0.02732629  0.1628958   0.09545232  0.11024779
  0.01335414  0.00105827 -0.14918594 -0.07216696 -0.01808001  0.02986318
 -0.10831704  0.04479705]
$[ -9.53507423e-02  -2.22958792e-02   1.28203005e-01  -1.08905934e-01
  -1.02267325e-01   2.16389000e-02   3.83745693e-03  -6.64492100e-02
   1.71992868e-01  -2.26886511e-01   1.72384396e-01   2.51937192e-03
  -2.15898067e-01   2.65440680e-02  -6.22128136e-02   2.35235170e-01
  -8.15567523e-02  -2.45579571e-01  -1.40257418e-01  -1.18607871e-01
  -4.09547091e-02   1.05134798e-02  -8.25164281e-03   8.26149955e-02
  -1.58581242e-01  -2.97361135e-01  -2.02371199e-02   1.87350325e-02
   1.68821625e-02  -9.56045985e-02   5.70962429e-02   7.80031830e-02
  -2.01781511e-01   4.34883758e-02   5.03501445e-02   1.31216958e-01
  -3.44551429e-02  -1.66705832e-01   2.59376317e-01   8.07535648e-02
  -2.82943636e-01  -5.82889188e-04   3.15039717e-02   3.00089985e-01
   1.95034415e-01   2.09645405e-02   3.88703234e-02  -6.51905760e-02
   1.51047170e-01  -3.43974829e-01   5.42597324e-02   1.26372725e-01
   7.92584866e-02   4.35682535e-02   2.57799458e-02  -1.95051789e-01
   8.77404362e-02   1.31428659e-01  -1.86463788e-01   5.18146418e-02
   4.46030386e-02  -1.40662670e-01   1.62620954e-02  -5.87184541e-02
   2.15757146e-01   8.05547684e-02  -1.21539921e-01  -1.83380097e-01
   3.04950386e-01  -1.67239651e-01  -3.08536291e-02   6.17449284e-02
  -9.52539593e-02  -1.80819035e-01  -2.28280991e-01   5.11959475e-03
   3.50800693e-01   2.47522622e-01  -1.44655719e-01   9.63954851e-02
  -7.96233043e-02   6.13505803e-02  -1.08742388e-02   1.83361262e-01
   5.79515658e-03  -1.32398885e-02  -3.81015800e-02  -2.00626776e-02
   2.45905340e-01   3.46771032e-02  -5.86525612e-02   2.92728394e-01
   4.33300287e-02  -7.48928711e-02  -6.40936196e-05  -1.04956375e-03
  -1.38122514e-01   6.00274652e-02  -1.10107347e-01  -3.95490006e-02
  -3.04960879e-03   2.94407494e-02   1.07852623e-01   1.46045044e-01
  -2.59265184e-01   2.81106442e-01  -1.26775146e-01   2.84043625e-02
   4.76156771e-02   7.94173926e-02  -5.35281971e-02  -4.83170971e-02
   1.12877540e-01  -2.82293677e-01   1.45281047e-01   2.57563472e-01
   1.07000194e-01   1.40269548e-01   1.48824319e-01   7.61067718e-02
   1.33611098e-01  -7.33114779e-04  -2.27658451e-01  -9.55323279e-02
  -1.07923737e-02  -1.09540492e-01   5.33686616e-02   1.45958856e-01]
